joint_state_topic: trigger_state_broadcaster/joint_states
max_value: 2.9205915060820713
min_value: 3.010893992305814
index: 0
